52321
5632
22555
57450
279
52377
57046
32577
63153
19492
41525
20052
25343
42958
16665
18261
36942
46231
44500
40531
56464
22319
20119
19065
37389
47052
65164
61327
60441
54891
29494
6614
4113
13732
26818
21735
10328
26601
62583
3610
938
59460
7381
61974
24597
58613
18761
28393
25190
41787
48727
63083
46763
31239
36815
40981
49800
32991
4536
12287
42676
41866
64880
6308
13018
58787
12381
34482
12626
8661
2735
7572
17072
23121
21977
13222
57973
23777
18252
64023
6675
42778
20351
32016
25631
1302
21836
7415
16238
35437
23552
9823
19933
48853
54276
37962
38983
41091
7543
58062
