46281
52485
35805
6259
31919
14228
60491
42180
58027
14132
56040
50722
27277
24007
49511
39225
9723
22210
46193
63474
2462
56217
26619
17831
48232
47841
26605
22870
35437
64112
36179
35740
46364
49936
38954
46987
13120
26917
23261
47204
4722
24905
43684
26260
46643
39537
35007
8311
6573
1406
3541
17513
61547
2141
54808
41243
58457
21518
23426
46536
6148
11081
33180
65227
37408
11248
30244
32966
37386
58993
42448
44250
24936
46819
19774
51566
19312
30676
23687
33901
1886
57650
38456
55199
24737
29843
63075
21199
45324
10789
51061
27860
18683
44568
24751
22055
38524
13503
5095
7123
38942
35448
40459
47346
44807
41224
11942
64990
45624
21583
2433
63750
63771
38192
56964
54054
59826
45491
32308
50180
12541
32088
232
7592
6482
61303
59812
904
35687
3831
3723
65270
46462
39778
51198
16260
23799
57018
23042
53017
54163
57540
63188
28553
13626
16468
34571
15983
4701
51266
30562
27874
49088
44057
44662
53799
10903
60663
41530
52047
16398
21126
23232
42762
47250
44918
30224
4738
64775
26332
52559
14792
37680
48943
14070
1328
40677
45109
21084
41171
6823
16530
42943
30084
26333
55356
59858
59648
20802
24201
63094
61800
22986
25485
36580
6956
53228
38685
13870
9122
11886
32416
18683
38376
64440
342
56843
9657
45622
27970
37850
31871
4065
37518
35325
1417
37509
55130
42319
14034
59663
48558
62337
65337
24149
31755
37785
31550
56089
20070
53536
18480
58423
43662
38395
22258
46489
31319
28797
52322
52373
22257
37262
19510
49909
28381
11512
49891
9839
6487
10536
61213
17811
26992
45550
56782
12590
15931
10456
12837
60797
14686
35917
19415
3611
606
33498
64374
60203
5065
47399
48617
25510
33677
47367
57960
1758
32704
29535
63826
35480
41881
46547
13959
28312
38484
4406
24319
43530
47343
20952
60851
47958
35894
12511
11138
49603
25236
29697
52326
15114
29970
48890
18236
44763
45283
23446
12803
12558
56866
10740
8678
6216
17859
11456
38109
35819
42780
47826
27560
5902
26561
65332
15433
61205
41379
18035
44434
32589
15960
56353
59652
62136
8255
11626
32395
9570
11288
18684
59595
10366
32212
47529
46839
52736
62796
49697
19174
21404
52899
32057
45102
42211
12087
1604
57513
52113
31443
21778
54750
48365
61699
47466
52155
51780
3273
14447
64971
17365
25335
18511
40634
50512
18022
39694
54258
51317
8953
6247
42516
26993
7506
30687
3672
36256
31808
29862
21302
3130
4482
9617
34721
47974
53989
44904
58425
51182
13864
39618
39102
42475
52329
34020
15958
36364
30536
38486
13836
58784
48351
27083
40215
56396
8353
61420
33236
27839
20418
19728
19915
2584
21371
31048
9537
45020
15162
7784
62974
34519
50499
62579
11724
48319
6633
53343
43604
32144
14430
55365
42773
8779
30919
60285
38969
37915
52240
32098
3014
56294
8537
59618
52340
63205
24220
29842
24921
61751
15105
42415
62648
51608
52672
42086
38209
52333
55587
49250
33381
8685
33391
53884
926
41744
38884
39242
27948
50711
6800
32717
25013
17945
39546
3438
58083
33142
22768
32353
25174
9908
7716
65445
39912
52075
45379
9627
61381
31714
59060
40382
12623
55400
63899
10391
9561
37388
55519
4585
43985
64920
21804
13437
48825
6761
60409
35012
45109
55195
15117
27643
29059
20745
24974
36705
6301
19422
32180
4054
54953
61839
6933
38093
57179
35048
8095
10597
52302
24738
10938
47838
14090
38499
39671
2820
41268
60508
2528
27181
49145
10480
49135
54537
53336
24654
39360
52620
41587
1053
52928
21564
21835
13256
62935
8134
38256
53528
144
40135
57769
10259
13528
61468
5980
48090
65352
42278
50651
9748
62379
45683
42163
11815
64316
62372
2294
55329
17311
64226
54729
11916
39258
18433
56289
12605
5004
61648
2384
10245
14842
19718
31269
4565
47159
43118
44965
3520
36909
51173
5495
44081
13174
19087
64447
16015
47836
49506
35396
9895
26041
24230
47465
38393
42529
3455
53559
62722
20570
50607
28830
9670
41311
14319
6391
49248
5914
39133
21610
22222
57880
64073
8401
54678
40531
43518
25090
4655
61402
47370
45133
17349
59704
25726
36889
34108
55271
53966
62460
7945
21347
28640
37055
23261
61449
26973
47657
46675
44797
33674
49467
61143
13391
24067
41437
44768
6961
46531
52424
18863
61039
48960
37676
48602
60588
58789
14913
50236
65129
9318
31910
5175
18359
61577
26297
65178
34513
38835
31338
26037
39317
11831
389
10666
45252
23592
56956
8013
14766
6165
42214
18645
34478
25120
50386
32536
2583
2507
5709
8802
26544
37632
60535
49423
23436
62260
49398
28637
23863
17325
21763
20937
20117
37002
6778
20882
2440
50692
51505
17248
15771
11230
33630
47062
45558
30729
2048
62379
62195
20932
60149
40442
39058
17632
50199
14050
12492
43436
54763
32665
12999
22878
63099
35448
47421
23657
33958
29778
26983
27036
60893
64774
38281
36984
8295
20280
61685
38420
20465
44183
30866
18729
10125
62179
24787
18806
41788
325
52305
22009
63340
23685
46623
7056
57690
8961
22803
62913
56534
4800
23450
4348
20753
27216
59117
24500
41560
58919
36676
8082
45017
7663
413
15964
9465
50228
34073
7824
29995
43107
42270
50182
39654
29589
60231
28076
31075
22268
205
30434
52379
61447
6873
47717
34102
51971
60790
64634
19127
4634
41342
48623
16888
18001
28910
63850
39184
59817
25203
27307
2629
2514
39031
63562
49985
20987
14909
54789
48125
40097
61366
35122
52375
9346
48428
39368
32014
49139
43181
55806
49204
64295
32814
10470
10002
8304
61285
59958
3806
41606
36414
9205
2462
58758
9624
14510
46120
33311
28014
57954
54813
53252
21617
24264
13816
55888
59817
1
15136
14599
50260
63368
42603
44404
51303
11763
61461
29963
33541
54005
23683
42155
46410
21492
2616
63509
39045
20996
21778
51010
5288
65126
51022
17609
51075
21942
56947
55708
36317
60963
58619
28200
59157
30525
42900
39348
64020
39231
11766
2065
11887
12216
64221
9742
2694
42918
20443
61896
58035
33299
14896
2839
39228
9245
35256
31359
64300
25376
52342
21344
13089
33322
12428
37631
2965
17560
36250
51774
57027
14642
55130
11351
17312
43690
50733
28130
60935
11260
33581
60897
55779
24021
35304
42954
26927
10606
1680
11277
25503
59853
22538
39233
2401
20026
46752
16453
38637
11673
38423
18170
26438
35671
61842
49158
58506
50449
10956
6412
38629
22093
55574
33223
33736
58761
21402
8977
42664
36592
46035
35161
36215
10124
63704
23469
19927
54380
11193
56763
11053
13647
35763
9701
48120
6252
51343
1406
12343
21192
33294
56259
18395
25091
59824
42862
21177
22405
835
23093
29655
12401
38729
53862
62384
22272
2382
19514
8384
64929
23189
58646
37914
12001
36311
707
29339
35550
23226
5351
41093
55505
15203
7532
51302
33281
12352
63592
50748
53726
52355
53706
20785
15570
58483
1792
6078
40754
2033
7503
58618
16329
63927
59610
43602
12561
54936
22692
55391
46169
304
33681
46454
37082
54262
46681
20437
15419
6472
62765
1976
52708
36322
26952
54826
3615
43283
44202
23531
12844
59250
19657
44967
59160
26345
17757
65165
9538
29574
28049
50532
17061
20164
18084
23732
64454
46454
9578
48649
27213
32672
13587
20115
21651
16727
50324
2322
1267
4913
4552
7632
35951
42804
5649
44333
54825
15649
15402
31192
47202
52449
20199
3138
26775
25672
18026
56723
41929
769
56983
32244
22558
6449
48762
46710
10293
19546
60282
63213
63843
64880
14213
57452
38991
60569
21885
1925
4896
63767
60013
64763
34687
57565
47153
31906
47580
62474
56614
24738
38698
44484
60735
26448
50256
53017
6440
49391
62699
9988
12100
39234
8147
65297
25086
42554
39521
54137
23302
369
21246
56388
59131
60111
38425
36047
22624
42550
45571
61616
56274
5408
14276
24354
34794
51683
25305
38897
22124
28405
15490
41256
53063
33429
8437
65053
6718
47509
39359
7450
18780
34988
63756
28788
2177
52316
27947
38947
48131
34660
24505
8035
54568
11739
7743
11989
4213
44436
64164
36808
35312
52389
33126
39662
45714
12304
11018
233
37772
20696
42350
5266
61219
49993
54164
21002
53964
59624
40240
13768
53971
5329
30451
63392
30488
17148
8960
18285
44114
1995
35346
28199
10466
55710
54789
25558
14501
31362
17642
60383
27988
49067
9800
5909
36531
13863
27824
9383
22160
54286
41964
14656
20612
48495
59958
62228
19393
65194
61580
35746
29771
16974
8661
56573
20487
4314
8860
30746
39210
15867
56164
50146
34142
12459
11504
29741
31450
58534
46033
9846
33370
23080
43138
59720
21628
46238
46941
58501
5515
27129
30900
22495
61236
62279
62263
17519
530
16515
65053
59151
3528
11718
15648
51238
34704
52294
33968
43800
44762
3968
7893
36907
36578
6986
56737
38917
47462
44136
61506
11320
3852
58793
37963
46089
32761
59582
2293
8730
65189
9064
56795
14537
9970
263
57953
40524
43016
37824
48641
48553
19873
37283
54209
57148
13151
45560
22205
3233
26533
60945
19578
28421
61510
55063
20483
16128
56814
13723
49949
158
10616
17121
59724
64629
4583
24110
53356
25440
63030
7791
55927
58540
58871
26637
33534
4154
62911
22896
44523
65260
6198
36136
31837
19237
42148
5058
20804
34098
38151
20067
46283
43768
16395
43149
3580
46661
12158
60422
14676
33437
39567
46933
30265
34105
51454
39253
27128
9713
53016
1041
55107
16995
54661
33513
13807
60729
819
39750
34919
13406
51965
3961
32742
44311
27006
42871
17375
42676
51263
52740
36844
56724
65035
32110
10125
7350
26999
1715
23350
20098
37202
6335
42215
56540
11978
54855
45126
53287
7566
35514
8481
14835
43076
2708
43889
25917
20707
53130
46575
47427
38985
44588
42260
46058
29657
44861
47221
19487
47854
2461
49988
54163
3999
65222
397
34694
12357
6948
62294
57823
65103
11722
47288
10
49184
43157
52664
38704
26346
58585
15821
21187
37898
38820
29864
21175
35809
2869
9880
60321
27168
37958
20785
20648
33257
60622
47734
49182
39820
36941
52564
44110
56163
16450
8482
49105
22222
23830
2292
58967
30974
63636
23951
57238
61997
55190
62765
42327
124
25131
50115
30397
51908
56106
4391
44311
42277
54618
58295
34491
59372
45454
64584
18799
59213
36365
45839
59082
6110
1432
6074
25523
26104
12642
32614
18227
48657
31421
24429
31111
56497
44188
4188
53073
31110
32551
5276
45249
5412
44099
32842
25689
31766
60068
5546
7414
26822
50203
4125
13354
63596
3597
20699
16696
3755
1961
41052
55617
9728
52139
48101
7037
1883
60960
45373
42508
10252
9663
43261
36743
60929
38482
4344
16539
39016
42105
5295
56695
58704
4979
8024
27909
30940
44239
65502
47199
29341
31720
64386
62673
45485
39848
41792
31796
19617
26083
25264
52326
50302
37391
27657
39008
19781
11608
57859
37287
65119
31347
7725
12160
6396
6543
48606
35808
34851
45346
38140
11275
28984
2252
12116
64538
3060
6386
33564
48112
63782
19056
14527
45229
16102
47592
57077
11333
9670
13719
19082
42397
17196
65413
57206
48093
37703
14081
45480
43365
22710
45148
62538
30189
37576
64095
17667
53877
42925
16608
62723
23952
14039
28301
13016
47079
30812
21851
23719
49389
16603
35282
34293
10154
60937
48590
36689
29282
12314
10407
39698
41114
55051
58514
8238
13551
6071
6642
44805
55600
4741
42434
31628
2999
2931
47915
30276
10462
36786
51053
10314
58470
53165
1403
36531
25579
26435
3396
60334
7116
43503
52711
23349
61898
2403
59460
18575
37708
65154
51262
52807
47955
11280
51199
64471
56153
35663
55176
32817
7219
42140
50291
4431
51034
5792
20909
27241
46885
31480
52068
16231
52564
8435
22924
29257
34374
55734
31771
1059
15908
6860
55847
454
3296
26724
22899
10675
31596
29282
12310
64763
12654
63248
20335
30705
29795
10527
31472
46251
22312
15237
64035
17006
58565
54727
5986
45432
40746
28642
15554
26332
62338
12458
38028
40410
49468
16791
38639
6677
37260
16217
61001
2697
53508
1555
39617
50456
13353
52290
62183
32854
26070
54174
12966
55464
30283
48633
5950
48263
21933
54066
18584
17164
53692
11050
9325
55987
28032
15654
57087
40604
59491
50104
9018
17390
32568
28449
26035
4532
14597
33051
9469
23884
41403
10090
26260
62114
38406
12316
5182
28415
46662
19560
48766
34861
57753
48289
40405
19914
18318
21960
62576
17415
6183
45072
52762
40880
49521
29579
27110
25714
28261
24162
49729
5970
11745
50340
11979
47157
6095
61816
568
28233
17482
13389
44258
44082
20106
37445
50474
23962
9882
53727
15489
30004
3448
175
42085
63884
60401
33696
55529
37996
48990
44371
26367
61635
51586
46901
29613
14154
27843
62757
50426
6485
24271
18481
64958
41759
13165
39757
24741
8088
59025
54452
56577
21091
13158
58799
57006
28117
43467
62791
51486
35776
43684
18875
18927
15609
43402
32087
46569
47030
49320
20944
41895
52271
45713
52097
30995
22174
14075
58486
7878
13791
47210
45118
28783
44201
12920
2529
62449
12884
40674
2394
64597
10573
16134
17552
28356
37987
53761
32285
28687
65278
19246
4578
16650
13716
56325
20798
3836
50498
61782
18396
48868
17838
48934
8392
38864
4083
21722
6035
22891
13109
23296
60016
10222
39180
26528
7143
30961
6489
43573
28147
40707
5698
7870
64834
14097
9411
12671
31267
42531
42222
41636
47957
63875
36584
33504
42193
57570
24958
7743
35549
5038
33697
969
28865
60422
54072
32969
47981
37635
19864
35077
35904
29370
46358
35978
50213
4459
46811
13604
56526
30932
17282
59981
63225
17867
12331
34980
3879
36820
64384
9329
42111
572
6120
5334
47738
54647
61645
249
1936
19998
6559
58677
14461
52463
3995
51237
15633
14241
9717
30689
47320
50916
46677
27921
35102
8453
13235
54169
10934
31508
47258
45859
4878
7987
25451
47878
32011
27871
10017
47360
56023
3423
63440
1602
43571
32346
42802
19787
61541
43388
11041
56852
26151
8730
34716
36278
18213
43575
19413
31695
62403
45141
1931
21784
52145
31128
55069
61828
13215
32674
59910
37224
45572
36730
34761
36279
65245
17770
58277
59324
7776
16685
9621
16011
59341
1049
61861
47545
38177
51604
22544
65160
41372
4224
41613
53610
59449
15675
13416
10128
58751
3142
59513
63574
60849
11704
59222
52965
57701
5504
38028
33925
65239
61231
33873
12019
9712
21813
61364
38182
61737
50054
9608
46887
28122
57397
33114
6827
64042
15801
3953
43692
8076
44830
33331
48669
59334
19471
20384
36703
16609
12382
24348
53894
7159
40663
2250
42444
33172
63450
6793
60484
58692
45080
26690
48461
4562
59711
30489
3207
39412
21289
51274
34570
36373
60644
35305
61075
16038
60987
15305
39327
55098
23969
38155
23729
56454
7831
17158
60380
22718
18594
41085
21463
3588
3806
42829
58024
48287
6052
53630
25441
12423
25143
46002
64727
20771
64344
23848
25365
5203
6103
61572
55283
59059
42071
13595
48673
13729
56459
32356
26006
29419
2641
19415
39080
14899
1814
57017
44808
41629
40521
20481
39827
50946
56243
9795
16894
28201
17338
4436
54417
10906
7597
2245
62009
28124
42027
54428
47333
2112
30148
24131
59693
22640
21670
64483
27724
40884
21496
28993
30691
53337
17194
59103
60628
62412
63881
30059
20626
50319
54701
30878
11214
28718
33826
33841
1565
32974
65436
35454
29624
16560
3472
62905
37483
2929
14046
12194
61776
64411
46144
9971
7422
59518
4536
30350
64729
620
13239
22521
60108
11505
26129
53606
36748
51880
63800
17112
47984
30386
103
58671
42117
32819
63243
38984
34956
26067
4698
51447
38091
42808
44131
61656
50068
49294
7154
4280
27868
61680
27751
58296
47218
42706
51398
19303
52613
22302
33808
33200
65517
56083
41223
33480
62715
48624
39344
43960
25962
33679
10674
9349
19913
27452
56904
1847
18247
1139
47727
10253
29590
45824
12267
27466
23267
61457
21383
44858
13932
328
51659
59925
64660
61735
25719
13569
1430
25075
43679
51059
33277
64674
19418
62783
808
36991
57241
29699
29138
495
41860
3536
39751
31384
43998
6637
37146
45529
17685
9246
12838
16155
27815
11885
60793
34559
5289
25159
2435
55286
12756
16654
65007
53366
1266
53217
34269
456
42604
32642
5540
17161
13230
22227
65105
15391
61901
60542
56570
2065
58519
52406
20710
51328
43472
44786
32860
47378
36222
33447
10842
37970
24196
28336
62030
3629
29235
59897
45514
16864
42264
10279
51809
41029
43720
3616
3966
58604
20097
12010
55913
44596
62989
55137
45738
18889
23751
41434
19550
33673
17035
8731
46724
58296
43457
5920
45798
50480
22157
50631
26858
10829
32967
28548
10487
54697
53212
62889
8700
8965
4183
48599
18763
42510
49593
61860
7944
9725
61354
48870
30271
36893
36888
14123
57416
16517
42657
15410
41153
3544
4128
15292
50312
9655
38453
26562
7179
52052
30020
9861
57268
3947
8258
2469
63915
62467
8256
19936
657
56554
41456
4956
2516
53651
2796
24144
43496
34807
12782
55382
10973
12045
53415
28422
18761
22186
2339
48587
62918
27753
24130
25931
13961
23270
11217
41942
51935
26194
30000
61792
1625
36817
45797
31351
36560
40709
56237
12912
10850
27795
26237
10117
40427
40536
37758
7094
6845
58373
13925
55376
40044
37215
39583
6173
53103
10525
795
64308
14864
27821
47597
20413
45671
21204
8422
33339
33802
42388
32327
30017
60714
33599
33713
8714
42694
28224
31268
62152
60808
39778
32185
27930
17143
64882
21991
54081
27418
34686
12771
53955
53676
5018
34560
12046
27793
12461
52659
62454
34042
11348
1442
63539
13215
15051
41197
29832
12593
6333
50304
64190
27393
60570
30780
54841
55984
33079
7514
46178
11818
15468
30743
18166
43171
50967
38198
1315
11114
10168
17397
40379
47758
43520
17036
8087
30184
37578
1394
20013
33084
62351
47833
3325
4626
34296
3855
30138
18711
60883
11288
25149
6191
35118
1449
41657
23670
60980
52959
45047
11284
45420
23147
54833
63974
8148
23605
6628
23237
42346
8588
24101
61086
39270
52677
41252
34680
36433
22323
37551
45169
54082
7653
31550
63445
36685
49435
44228
8046
6786
41756
20221
60281
14846
33163
22512
51047
41456
58679
39339
42161
30891
3590
13582
56379
21448
63047
24929
48338
8005
17295
37548
3584
22697
21485
13402
41780
49388
7581
57225
54064
60133
24249
45918
37128
63634
50782
34358
39017
40576
24165
53919
19517
52757
9148
20303
47367
477
54728
30806
18605
48188
58644
53776
35100
36285
3671
32198
18430
56215
19605
36617
3361
46671
29782
17395
439
61558
44020
54431
52146
8185
39265
7455
7418
28193
56536
41531
2000
36237
40506
57102
2237
32627
64031
11312
25443
18909
30211
38000
20988
48761
16769
63823
63634
4598
64701
14458
60024
62715
31908
49290
29817
39036
4988
8249
6554
58629
27
39910
52409
17558
14737
802
65219
37611
49497
55997
1871
5032
57905
46737
45240
3240
8477
23251
26755
65461
1641
64239
14646
17877
50921
913
63615
7223
35445
27048
8809
42105
39316
57705
15839
12234
22741
8593
40517
55348
21783
49740
24657
29724
45815
36687
12761
25585
45164
25345
30575
4679
25703
57585
11203
63225
45645
17057
48832
45623
57562
14459
37385
18334
39409
33349
32615
39809
9674
50796
44011
33864
39246
43271
45068
23619
60285
21380
26871
24979
52793
41897
37997
29762
20380
34584
9492
24325
11638
8388
24548
51788
35522
40923
6531
20507
61341
63399
7335
55090
50480
1016
10330
7593
26499
35112
41526
55396
44620
52181
40014
9896
23616
3195
60770
63775
10710
15252
19355
31006
35403
2576
22416
33669
30166
49126
2490
17917
5491
11140
36677
57540
55438
33342
59668
44291
1326
52032
12351
60581
45867
25778
43221
38544
23477
38675
2181
14564
27372
15392
12923
386
60294
54788
3717
48221
49197
27343
12030
13222
53045
868
8338
44143
34350
44560
22432
45840
31920
18169
43289
58432
63807
52861
679
29082
15367
11396
27647
44237
20979
45011
36064
18917
64677
50676
50531
30526
25867
52325
10612
17742
43389
3806
43332
29772
33938
26472
37581
56567
20716
46528
62026
46801
58267
27497
22767
28622
40016
60444
23354
49027
926
65444
13098
40862
19893
54302
27659
53582
2498
60165
64823
20657
24505
39725
51456
65126
31191
41135
15396
28246
38636
34147
788
41865
54411
43302
40727
9187
24589
52222
12229
31333
50662
16633
6178
41280
62520
43203
59750
64370
17522
49410
48349
55881
38930
12179
16763
4374
54006
26045
17934
51568
20420
4428
2142
12963
29220
58447
62761
11747
20876
3843
32882
20053
6991
42430
35359
23051
55319
48268
56386
29763
3408
26495
31787
48018
6456
46248
8079
35994
48908
19926
22759
31961
22411
20305
2225
28064
58839
59652
21604
14185
55665
37909
62106
6701
451
51750
53796
15755
56162
64696
56567
35513
53923
31607
51178
64838
11873
51460
57092
22018
13890
14192
20038
15219
37567
34389
65404
25893
50487
60261
22223
33686
63750
40532
7925
34796
40846
12498
11898
55533
40893
44015
56723
1953
46016
12468
21047
35587
14776
47670
21470
40097
42252
57064
55899
39210
51518
16002
25815
3283
59275
12433
58461
38052
59276
45591
4148
57983
48618
20706
24088
1210
13419
60040
47252
17343
50625
18422
15387
49745
25770
49254
60408
64091
16485
59402
44366
46489
29309
33808
33146
22683
56786
41720
42883
62506
14172
48458
18765
20789
53323
55731
62126
15726
2979
27721
22140
11795
25405
39309
6966
23414
37635
25034
36089
22658
7036
29949
2340
61019
61845
4448
35158
40523
61917
3520
6278
7824
4062
61653
28678
22810
39418
34733
34174
44856
43518
11962
43517
28730
36983
64194
27025
61872
56858
41425
46390
14003
39027
53678
45215
39452
64662
3907
62948
38916
22249
8314
40149
47872
2267
63430
52553
23094
31812
11422
25822
59780
30531
64963
34514
37875
63488
47783
18100
54182
63223
41194
22608
33348
12155
10969
19519
29790
16117
30280
32474
13850
26915
1656
44698
64398
6967
12250
4656
57431
24353
53199
33294
43073
50334
23435
3175
10229
29581
19481
38049
50029
8112
20685
34025
4455
29713
45717
59855
47158
5856
34595
35053
23864
6890
57444
1781
12809
43739
59363
50101
27791
4213
1346
47268
55321
45512
17205
29829
60142
58136
35007
50680
16000
50707
38195
33834
45518
2392
13763
3203
4417
25984
26424
19840
14587
49198
50277
29726
58093
31651
41929
28948
61175
63622
50287
26563
16437
6967
11154
20871
7308
37852
56694
28253
19413
39872
63541
50608
12859
31159
60223
58567
21186
8909
16987
59762
56420
11427
39919
15431
18413
63381
27331
5608
22788
44211
1575
38857
47365
21646
60710
2006
34042
60190
22825
58029
63115
64063
34143
7410
39228
39916
2628
3113
37951
61020
15479
11567
35911
8596
32994
18514
58730
13075
38320
39457
63094
37365
46660
21133
13678
33537
61362
41043
2348
31069
37960
36552
12877
22198
37391
333
14952
12025
17037
107
36372
59216
33650
13843
14098
40752
1377
45663
30829
65449
5641
13864
11757
41104
1073
34064
7898
34064
61785
59700
54797
14289
46539
23387
13963
59890
46265
40333
49059
54082
23770
57741
63326
46895
6916
44066
41426
19288
1772
42216
33810
54990
41927
34418
11880
24717
62392
36762
18345
39956
45545
45958
776
56655
5767
29379
35268
49932
59874
33962
17568
62124
22503
47960
34501
16350
22574
52673
12634
9412
53904
35525
5955
59833
27593
49854
24262
20020
55001
54621
30364
52495
2598
47964
68
6584
27255
14062
50825
37606
61735
44682
6918
57425
45134
15930
63915
26959
55027
51251
9712
33017
14124
51537
31487
65253
9097
57518
15440
63422
5745
25853
18016
23698
3666
21533
54026
26849
42984
32834
546
16621
53448
21021
19268
25228
10564
7012
17352
44179
30764
15907
10863
2177
8768
62188
54156
33561
10003
3309
51316
30176
14891
18710
13475
49168
23572
45047
15883
24667
11371
48715
17923
34953
22345
44147
58656
33508
56090
14987
4626
60043
43989
20219
59366
2041
3971
49480
33265
16915
34862
6107
58012
60316
11812
23780
32258
61779
57960
22111
56254
19862
1702
21605
43702
44679
13726
56862
18195
59012
52170
50881
24429
15951
37477
51236
15689
46039
36663
43926
30631
3283
1329
28166
20357
26760
17186
11327
19674
37447
39680
42007
2173
64212
31655
60234
64392
37803
5771
55984
51218
31005
14110
9877
9599
45239
60272
2870
9457
5829
1306
37571
31508
15220
61015
41591
7806
48222
18784
1963
3700
9968
59344
64103
43829
536
41820
45577
2957
14550
27937
21056
31173
53486
21133
10861
26252
5464
8043
19421
63908
12713
61182
30659
47627
32311
54963
12697
1206
24799
47189
58370
29960
44708
41269
878
8756
52700
10626
1897
33512
45899
18166
22027
26072
61634
7023
62898
29976
58876
51533
106
24880
34735
52086
19517
22231
42860
58670
47880
19202
46859
23712
1957
15639
35246
21651
33338
18914
47706
9429
53040
24959
31414
32611
54684
16351
41377
19019
5831
3060
27228
41212
52718
28579
46346
30201
4880
6586
20220
40489
41485
43015
53977
14165
42674
10565
2709
4955
33755
15126
10849
40527
28259
7947
49058
25475
18127
18876
56440
60958
51435
52299
62341
43345
25058
24994
64940
9638
63056
51504
52201
48244
42284
6849
53294
20286
53913
7211
21508
2282
46409
40555
41841
36923
2495
15189
49712
1716
63355
26786
56416
26050
13342
31992
2132
48413
61982
18216
13021
47882
29635
62924
25498
51693
16313
61451
60582
15876
39936
4009
43052
7432
8906
56099
15238
65519
64325
46342
7486
897
60068
43625
35248
53441
20000
40697
43459
30829
63547
16383
64872
2664
46803
52736
22139
32004
29235
15693
19523
54955
31105
18892
50198
9879
48298
4296
31628
9708
60190
18437
49852
14324
37598
259
43024
53794
38688
54588
43952
46013
52038
13824
3797
29784
60019
12212
8545
1348
20583
11863
37649
5863
11902
23991
34456
12849
37142
10267
53105
21966
16880
3240
62286
60481
22391
64808
58234
51833
42024
62639
56391
40087
42303
38821
56984
13869
24180
34115
60491
15095
59506
59726
49081
57803
37672
8193
3646
41834
42684
10273
13958
61079
60856
1367
22425
56408
33240
48234
47756
58917
21887
15570
61955
53860
48328
15380
36673
7074
44204
64852
32572
42904
53872
45522
50289
35371
63456
53469
54474
61531
4812
22619
22049
62729
37544
40614
50811
62284
27591
65394
36720
62961
25394
13550
12361
51827
35462
5638
11332
54061
33941
39847
40949
16277
47977
37596
10726
1711
56886
32314
50434
27276
23806
10667
15879
19273
33635
30522
21407
46149
46985
37962
39802
8800
58089
7268
1268
5449
27048
47459
344
15185
22874
32438
53794
7904
18290
7110
55939
28884
3005
11129
7785
32087
34072
55291
31982
24957
4170
33135
63443
22097
13785
2938
28197
2348
47912
58368
49553
58526
18486
50808
16006
65244
12161
19624
48948
12403
64101
48935
47974
2419
33104
11243
27255
36591
22895
53191
4745
57705
59959
57326
54173
48621
43485
59545
3459
45159
27218
35114
8837
63858
31210
3263
15286
6258
40985
62039
46234
60191
56617
26136
63917
25845
26237
43291
2181
2415
42584
42347
20475
17113
52233
28994
17010
24651
53761
25978
11258
6764
61308
26436
46406
53096
32402
60931
41670
61429
48189
47114
39363
17825
31154
16270
22133
58949
23828
765
14912
53849
45028
2744
54901
17197
37780
37001
54633
15524
15412
39060
10168
15945
49833
19517
38107
22164
51228
19704
44459
53672
32852
57065
57606
40779
59261
59063
19618
33089
41907
17127
59937
29876
35097
16685
10363
33875
50616
18795
58266
32597
55186
22438
40567
28366
3899
15955
41642
1557
2167
29102
42604
18101
10084
30966
16739
17352
54719
48393
3916
57841
34345
42691
26974
35666
37178
43589
47662
60713
47054
53610
14082
57405
22529
13108
64381
9721
30713
13927
2076
40807
39221
63532
29469
2552
26512
30864
33292
3936
50910
10867
27714
52102
11664
6169
1711
39056
37556
23382
3192
27914
35321
12193
61263
37421
6276
36658
57324
51669
19725
18342
64559
62634
52042
15837
35829
20591
39419
9996
44006
3155
58267
49781
60814
25249
13479
60526
54601
55583
50965
17376
43380
56898
38976
51318
3405
52090
48163
44280
28995
2697
61185
24371
41857
23436
25284
64324
54997
63775
21563
24632
21084
22326
12225
38890
52440
11843
13981
39392
65058
11383
2596
54525
10256
50802
48775
11114
53112
65501
6992
65264
52308
17422
64875
56375
40823
31784
13031
18727
19371
18838
24740
54369
15496
58024
4163
45249
51669
29451
47050
58390
64288
36015
53309
49047
60211
18120
24655
34418
34178
43017
27335
11979
26496
35135
45493
6659
13035
53950
39941
55135
8735
19182
59203
22998
53944
12770
24686
51000
32505
14695
44622
1408
61005
11636
52613
59200
19084
36466
49021
61719
60838
16579
11902
19234
40018
4169
59462
49107
35871
24572
25494
51853
58714
689
62483
54055
15442
21131
22975
55392
58922
58658
13878
17813
8588
21067
14706
42321
1036
57057
64649
51071
6255
36033
60058
7732
39702
15004
24172
12642
13772
58008
41023
2111
24917
44885
44533
37989
51617
60002
273
14047
44960
64799
50161
43474
55411
58751
38679
6179
17961
35485
1847
19217
62308
12701
5798
47817
157
6899
7861
13954
63769
36978
11065
22616
21608
34777
54895
35641
56395
42264
58586
1156
40128
59121
58614
58288
4175
51272
53977
23789
24914
14150
50048
66
23106
6255
49500
5304
46905
3243
47859
43061
60901
53889
9809
40650
19441
47821
8083
29091
54573
59527
43159
29334
40765
20625
47354
46936
53150
24992
43652
39290
64007
8004
61503
53934
9999
61627
13781
4840
62359
16539
10157
29900
17973
519
28114
1782
16278
53515
44300
54529
36981
36737
39471
54799
57610
34870
64646
19996
54381
39061
41991
14880
57295
36991
54903
23345
10096
45466
33785
45354
29297
42778
62997
23206
5094
18667
54049
26701
5942
6683
9768
37358
28127
5600
17276
19733
44235
16240
53182
24720
50653
14193
6404
33860
26021
54454
14211
59943
58465
8023
37477
43675
19467
31818
5299
80
19925
32578
49428
8697
3023
10810
45833
12906
5053
788
3839
38761
48955
42559
19476
46338
12719
26477
31134
48739
60633
39632
51005
60152
54332
21195
40303
6895
50058
28796
11068
45580
64124
21169
11050
32374
53013
63199
7266
20245
49088
26935
39512
33002
34783
1661
6778
9710
64019
1208
20607
31154
5257
13355
50304
47910
25201
63056
57873
8118
11385
59833
11936
16894
38189
4299
26276
52048
4364
58239
35463
18371
62761
27345
36843
58213
43519
48885
3839
64323
38178
53396
22677
39570
40808
40261
52888
50202
57329
14854
14773
14656
41849
50864
14769
23089
3754
25291
24713
12922
64366
38243
27966
59346
40784
12888
41702
53982
23845
61684
50428
17784
15293
20639
7242
59485
46749
33516
19102
3877
31105
60149
60198
54504
30701
25351
3469
7782
18427
32590
27821
42325
3865
57038
34771
40381
3457
21470
19301
33336
35321
17360
29075
30646
59421
49913
3792
42757
43767
32267
27229
9472
48487
32232
13599
10331
64414
55861
56638
26754
26991
1230
5001
64197
45637
51369
7845
46905
32308
7753
25352
27395
53905
21937
37136
27565
4614
9718
47323
26055
19427
3578
2777
63342
53522
21950
50143
11294
39813
6676
49734
31986
62466
20402
3454
59066
47621
63010
56202
28377
48344
41689
42343
31740
26133
57576
39376
25741
64407
24454
34797
48238
47435
23843
13139
50104
27
29552
50762
15470
22803
27925
41626
59588
27821
21848
61213
51826
17149
49853
38819
30086
16568
60436
36492
45457
33228
15746
64618
41431
2872
29450
37802
3073
51924
10896
43470
53091
58058
27562
38584
31859
45279
16309
48776
14518
26130
62393
33977
6501
31251
6084
35151
52815
45703
58728
44900
1470
37353
48313
14603
24035
56432
38437
53014
44947
61792
55002
1950
12769
44037
8155
65526
39014
55850
33176
43587
23824
10660
17108
17913
1718
2621
22668
29237
58721
53824
52335
5893
46277
9278
7629
24001
11615
44539
3603
42599
50208
38572
8205
23953
37890
56201
912
41803
21654
17047
63642
2669
8127
55589
15474
10565
61404
48821
51694
36204
32007
33737
39583
16454
41887
34117
19810
50977
16382
8424
15273
16713
47625
63795
61788
49372
32203
35072
63071
33296
41886
65143
9890
7507
9720
13528
477
22824
7292
64334
28801
11598
58187
49887
57501
37552
11882
42081
8660
55617
33084
35485
30609
23217
15299
5123
51830
20518
41956
43757
38704
2839
52410
43282
39470
4295
28232
1453
46291
17379
49418
4620
1758
34817
33886
58676
8956
53823
38648
28250
1653
21852
29475
14317
36446
40145
3444
31486
1434
9424
45162
50546
3266
26145
32010
27115
13297
16333
32375
5692
62014
6961
64288
6984
50905
54723
17081
3656
61496
26851
12269
34311
43142
34635
47102
32509
1111
62097
41568
19115
59339
54249
25524
15112
37039
17722
42222
13513
9752
20043
17694
38981
35521
8410
40345
32109
40709
34047
25252
2010
9465
54208
53673
13069
57791
53731
62226
21445
40349
48814
13594
30993
21366
33947
22013
56389
14849
11102
56270
64330
16410
21939
42840
33907
10578
4909
18846
43760
28532
63473
826
15908
26775
6128
48926
61116
952
56552
19576
24858
7883
32579
54409
40270
4582
4249
469
36383
18031
16998
2495
4916
20795
43770
14205
40467
40811
48735
45657
939
63540
49685
24538
2027
2435
31894
42972
30139
27138
1246
49239
51124
4939
54426
48403
47178
27920
20332
40256
51627
56828
64406
19474
59977
25089
53483
30106
34043
59477
42657
42570
26857
5364
1156
47149
32054
51493
60049
56497
17946
33481
56302
48560
9719
49614
1938
47555
38724
38102
43141
56951
9429
63384
21004
21516
51697
21741
59602
12531
2368
948
48793
49858
59366
3689
13491
40064
5684
57318
1920
17515
58152
45492
49380
28364
56587
48180
6830
33412
62934
42638
35305
44135
27120
49131
12156
53511
26257
52821
57969
34223
9869
56630
25457
19117
49044
51632
48812
64008
42096
39855
43950
2761
38531
57311
8440
63572
21195
60278
58994
32309
18472
42433
47337
8781
51556
55530
17042
8145
43007
22306
45535
26149
43674
63225
17173
15939
42083
58591
45645
31344
7772
257
59788
13298
44806
16651
28620
61175
6412
23692
9769
45569
28670
55294
22408
64429
20203
49800
37888
38699
53407
12184
6310
38522
13580
45070
34856
21765
4933
33257
48739
8171
3386
44487
3802
35639
44567
42325
13795
357
12129
49706
39282
52220
33934
41654
16618
33898
56638
6580
37435
18056
12045
676
32514
25320
42881
683
55879
26652
22640
41404
36636
28159
707
19559
19745
55240
55197
61298
47976
45510
64512
26595
18780
9571
52366
1411
50866
11974
20022
7707
38363
59944
28078
15608
37573
53711
28202
33217
19571
9306
9814
9098
48354
40454
34067
17808
30831
17490
1205
45748
32034
10882
61928
57937
2966
7375
39358
2679
7056
45122
64245
54394
28644
18640
60196
30830
16956
50153
18924
59111
7665
3801
60157
12926
61171
6396
11089
11900
60781
25332
41974
55722
41389
64548
28046
55109
61438
4016
53899
7874
18407
28842
37964
23887
19745
18648
65334
54586
20558
21518
36575
36352
33861
46722
11298
42400
55788
52319
53840
3994
48218
61501
27845
11907
56600
43108
61515
8780
35814
54107
18305
32747
62040
15624
43437
36504
26473
28622
43860
26923
31567
63012
15705
55850
16080
56162
4423
22929
32312
44267
32274
27128
3563
6479
45209
27561
25515
18272
10953
10355
11969
14641
31351
9433
42813
6903
4001
45904
54612
36657
21799
63395
50428
40279
24709
10450
25679
43086
41364
50635
64480
56664
2480
47851
52184
37832
13594
29773
46769
57170
40833
11193
43891
62617
26158
39913
30106
31825
34280
54780
56006
16999
35170
20975
30895
9627
3301
54200
59291
57738
59579
9114
30903
52086
56839
59599
51696
9689
30982
39501
52288
19886
25039
56759
24759
51221
63213
8077
52788
11705
17620
53799
16532
45970
3466
2653
44618
23333
2275
53290
27359
18132
63227
42290
60623
47507
14502
12928
61931
17367
56497
10302
62972
37849
27517
36549
29129
45125
56031
57574
16019
28510
13795
45701
64594
11107
55783
7787
19239
59328
61292
63810
27362
47882
21175
13782
32484
57309
41204
16794
37003
49690
56176
61616
888
34242
41191
13791
15628
4633
23536
63652
12506
9276
34832
5847
12318
31596
53916
43828
14890
32279
54095
60707
40445
32164
10856
59894
27998
38487
56664
20000
18118
24025
14984
15831
11781
49643
42473
19360
63315
21646
35581
57017
7046
28432
53825
12969
37867
30782
56953
3253
8617
13610
25378
24535
1757
55814
40705
30401
6323
34367
51472
25093
53265
25473
41714
32354
48062
25380
5908
21120
6765
20409
10050
62986
23743
14350
5889
1355
17157
332
15120
654
51248
51394
54629
7462
60123
22805
40884
59583
44781
14393
24927
63114
48261
29149
60746
51195
268
51369
8126
3445
43895
41887
8809
32100
31432
38210
29168
13420
26033
34896
28650
64363
7843
7410
26910
43109
12977
5781
48080
7562
30971
12969
13490
1845
59970
11669
48233
19774
35370
57697
25006
43749
33344
53932
37432
23778
26939
44475
47507
17338
62176
60533
41544
15264
46872
44720
34916
18952
13459
54970
60320
7938
43350
48108
37827
35820
43235
10199
13646
11611
33930
12750
61054
40938
51981
25480
10117
28639
63967
37270
28127
54911
44999
33158
7678
35195
16347
57859
4278
42330
10681
21261
47408
34602
43055
23655
17190
6746
21116
44115
15356
21928
29745
35402
25050
58689
51528
56232
20876
48985
3440
48924
32695
4744
40832
6662
42255
35520
14817
62485
55172
7267
33535
32758
27538
5500
53902
63200
50176
56851
18839
20800
41700
18797
16881
57356
54214
34964
17697
1048
13369
48470
44886
52966
9296
1655
3236
52460
115
50352
51075
53000
26480
1186
4293
57613
56964
33237
28519
45300
51434
19435
60164
19316
16910
20121
27723
32045
47242
2625
5013
6916
57544
33379
40374
13021
51665
3958
62536
12954
41610
32159
30106
19349
21536
14920
13216
33598
5622
3916
8328
33476
40671
54397
1189
27954
18607
11649
15415
11547
59583
4667
20068
2981
17661
33242
8389
8691
60356
22859
65450
12926
12198
32824
25802
10744
14436
11409
7705
12723
45255
33371
61306
6490
22281
18168
50434
32213
19545
1577
43607
14650
46731
7057
21645
28049
13090
5574
39101
17177
16173
56301
8480
52619
40925
26481
1764
40182
42125
50757
14186
63956
19613
62540
14306
57348
757
48981
4622
60667
22280
58224
40402
21071
51376
62107
38831
57157
61157
2264
7938
27875
34770
8018
6623
33029
53723
39065
18833
41877
52046
27994
926
3042
32915
43796
64091
63678
62940
18118
8931
22753
32612
30699
23788
35946
31705
48403
211
25814
15723
19465
22016
32043
52487
62196
19527
41550
46069
17157
37568
42411
42909
25820
26891
16535
32073
29042
16240
9799
7103
61715
62599
34149
48946
26834
3499
35811
42652
3901
31847
38802
12752
42451
48562
51624
24751
19782
25217
18067
34595
52873
17223
28217
11089
10691
37607
463
35238
24137
6452
22188
28219
18746
47936
39217
17544
5799
48580
45814
9561
37470
44479
54862
61765
6276
58991
63397
27970
58517
54392
60764
26195
56130
21482
45757
50785
56764
53533
62732
49144
64367
5470
2094
65374
59557
39764
60919
57036
31666
52847
18629
42188
65391
2138
60291
35752
31582
13710
45140
16468
19554
5926
35860
64397
59685
20896
15369
37299
57107
9480
25942
64373
26975
64848
2078
26052
35271
31917
27228
52946
55356
27489
22164
4276
55305
23197
38143
46531
58479
64736
4051
44431
57448
56580
10524
59979
13730
24364
564
7797
57409
39781
27956
35259
56109
61992
59420
43138
10986
47162
16912
36957
55518
28716
6509
21367
3428
4272
40621
30475
253
47871
41319
14848
20494
7626
22184
3406
33661
64460
62270
40417
58356
45059
42712
10305
15559
48812
41166
31101
47941
11406
26507
15188
15314
61442
11395
49176
13674
17624
21530
60433
25213
27635
35294
58111
32935
43753
28410
60930
22681
3149
10006
43376
39055
27584
29708
1884
58157
55495
18136
52146
51000
11970
1205
2232
59659
32154
53796
16732
1241
33505
43194
20409
21686
42233
63580
54905
51067
33208
22194
4802
57624
45677
29367
22438
62137
46981
59105
31009
58531
42091
22900
18073
54193
39906
15488
56080
33051
57845
30761
27812
52132
40005
57684
21938
48520
34908
38749
10622
13581
44081
54662
22825
32410
25864
23142
34311
6545
34483
50625
46896
25155
58194
41110
40970
47072
62153
21880
24364
2175
64179
34824
41049
415
38464
48689
5467
51260
48967
10012
58273
21120
5831
4487
3266
17688
57588
51292
28797
39910
22257
45626
28053
41791
37318
50584
30748
57258
7731
9766
28158
41093
24250
615
56638
22316
61254
21991
21759
62196
41775
25629
21262
21149
11155
10897
62715
7702
63906
35916
15842
36730
51314
28773
30670
43061
30080
60681
25700
22274
18160
10034
40744
38177
36309
34142
55173
5705
62420
26717
61969
51529
55121
46154
22869
60153
46260
27663
43641
6509
64268
36450
8538
12825
55903
51496
61466
55931
8610
57929
51331
31583
21314
52097
9479
9283
9251
32875
14410
18142
13121
8646
14027
10236
18530
26994
25290
3228
58699
56748
60169
24774
19186
22695
46113
6787
59888
15835
49558
47426
46162
10717
28834
47195
13068
14570
43067
21256
52593
61925
54079
27391
46498
15373
22226
62097
54580
19646
977
18871
60769
48087
4931
63390
62154
34153
56180
42846
50496
48739
56008
53406
59554
26093
34251
21476
55354
10288
18821
16720
58340
61867
62802
55588
36356
34993
58745
18063
23839
49756
32941
56862
3223
22926
19725
38117
21084
22348
27369
17831
21939
3222
53549
47496
43400
29876
34025
32599
41928
37476
3529
47075
32803
20685
34515
11700
8587
55795
55259
57566
36962
46524
25611
40152
41689
27554
3408
36844
8053
13302
413
32019
51977
30413
23884
47117
45567
15387
59874
50947
53339
8855
58435
48063
34535
11366
41297
44955
65340
59994
50450
45650
41627
2018
51621
54639
32663
17333
15016
49741
10690
35321
30330
3684
63843
13139
43628
34431
22558
14546
22447
17398
64877
44224
25986
43559
18959
61881
51839
48002
53779
46739
55495
5167
46991
8275
12230
44299
8389
8924
31359
24291
62108
19410
35772
39614
11430
65223
38158
23758
57752
37710
10839
40693
611
47014
64838
1829
55986
5955
5150
18191
28622
32365
8279
49112
16365
40253
42170
4387
50940
28302
60372
23085
44826
44080
28133
42805
6902
43325
28885
46777
25066
53249
33931
64440
55482
30629
35761
18473
17462
45343
57526
15730
24566
28766
15733
22278
10289
63355
36033
34582
40137
4655
25324
15445
21914
59173
46170
65164
54694
26283
54935
48464
8583
28864
37259
30373
8192
37242
41024
17085
44435
42192
53031
45746
22557
22328
15342
18964
60438
39938
4992
5725
10020
20756
37559
26959
18469
26374
28056
51386
58377
37997
12935
38558
33846
956
28915
41768
20758
14303
24970
27688
32020
20218
11254
38223
14576
20399
43558
33161
32775
15968
45995
28889
61638
30474
35902
8802
28973
26619
47433
58145
28106
57860
28562
6879
27931
22206
10150
34144
24371
21593
39042
7649
5289
1169
32461
8378
17662
3588
39589
10529
1444
43496
4352
11797
36049
48950
57414
56178
32983
33189
49007
36445
22684
41017
24445
38687
12797
33780
138
33076
64526
5957
13090
1561
35233
46326
17687
65286
25613
44129
50409
42131
51241
33922
26758
11542
64188
50112
40464
48408
56052
18183
9592
10122
15337
48642
41677
41700
14455
55438
9976
2533
56557
9606
28538
21309
41060
63446
25623
58347
32133
38917
30159
31980
8766
14475
59210
31000
28400
19805
7924
8817
17969
8978
17793
28562
62019
48621
63132
28941
36610
27750
46040
46783
4559
42422
64526
52694
50801
25116
33249
33910
24033
21141
14400
10254
25205
13718
34613
22015
4466
63047
35424
39771
38212
52680
19593
39801
57855
8059
52151
16342
61238
29326
15170
50000
30505
24138
26523
36640
50835
464
13602
14947
15753
13153
62511
473
18492
46676
55854
27142
64322
63526
2442
17678
32232
47199
43029
49856
40679
59084
24140
44995
20060
28615
52969
49165
61713
10534
11958
11468
44797
20393
21673
23036
4234
49401
23309
18235
32561
8048
24540
5391
23633
53100
57048
33310
10752
65183
4330
60439
36633
20588
12988
42665
52062
40773
12310
16830
24630
13838
13283
63440
14178
53709
22945
4372
9868
16177
29742
6073
45716
52080
18309
16648
15229
3986
10831
6881
29560
51763
58632
60207
46286
35008
58658
31011
12618
31725
40940
64947
35408
5042
16165
49184
59786
64036
46358
45437
34093
9062
37177
44365
63178
6769
732
33026
55984
22425
2493
4463
47557
17204
48902
46865
6934
58158
16026
47378
41168
31249
11971
43444
58676
17855
59808
33513
20244
29694
64163
37907
39582
59342
51700
15728
61765
37773
7541
52289
730
29444
28934
8297
25685
57214
6524
11624
46872
61333
46305
33345
15225
7536
44717
11258
2568
548
44261
22701
46600
39805
2496
40893
13929
2123
9238
49663
63175
37160
24745
20469
17728
55127
20924
57844
3248
22894
31093
33464
36859
55026
34209
44542
41241
32422
42704
10433
29971
4181
60323
6180
29496
16396
44579
35036
19530
58696
50557
6580
63710
4971
55102
62381
43224
36499
44192
50220
28018
33174
65407
22621
38017
44081
54460
20373
6352
58035
59523
98
48462
45199
56008
2112
9476
14550
23146
37787
40423
38603
13972
52159
56585
28186
35959
57951
17024
38678
62142
61955
12360
19129
25755
33225
35490
48709
9975
10871
13618
63545
11927
46587
10368
6892
29161
13252
6805
61234
43102
57780
59817
28243
33037
8981
41795
17759
21156
57133
20597
50525
49899
27740
4704
30990
20033
58780
20032
48002
29574
7448
13671
28275
62242
52588
14933
29227
37107
12135
30492
4903
18
49048
43249
29948
25451
20381
56627
58012
35075
35580
980
44428
1756
63882
42719
44327
47979
41415
40015
31969
26459
28709
57918
21369
62533
40325
33492
27976
48140
60216
59937
18402
57486
2545
58087
24412
18692
62683
56193
13824
208
11588
50536
39223
12856
8593
34202
5461
2114
8835
62145
2773
63808
31147
8109
22002
48139
18251
56745
6296
55052
47592
20085
11964
31421
48612
44039
54509
16711
10849
51010
17289
15021
45671
55286
36323
11473
43820
53484
39662
1197
30685
58850
54668
36978
37612
65277
28077
62973
12923
7938
43834
20474
26740
7789
16043
11935
12582
20928
10255
40973
62702
17807
32558
2654
35976
23877
63484
39489
62497
11668
41241
1577
45018
2578
50862
49113
4734
35769
10644
8397
16968
23435
47178
3942
59168
3668
5395
25965
27453
48297
6266
52265
29737
40778
45622
63889
24230
6405
12046
18381
16274
6202
49393
39506
46364
3555
48601
26529
4289
5805
58027
2109
32384
59948
40712
25622
57098
20454
48863
26721
33566
37670
25741
3282
29935
38027
49249
6884
11739
32716
39511
7256
6820
36861
59247
31293
26552
9512
44315
23257
35282
65302
1535
38635
57833
8964
26670
49204
50112
50482
59079
31497
53579
47928
30527
29822
44295
18984
47357
57585
15758
25492
10656
56520
12040
54411
41991
12962
28576
63984
64750
36057
12187
45479
9384
43367
58568
53088
9247
64018
6861
20370
38978
16273
40706
36074
8936
14128
54232
62430
22317
4911
53054
16500
32154
50945
50908
13464
19920
22856
39039
56200
60681
50634
39397
44864
27268
5912
55402
5925
52713
32781
22253
16115
23263
7948
47786
62260
11794
8164
20044
33901
42354
18329
783
56273
65112
31428
24940
40679
6891
44382
2323
50216
42861
51908
2830
29805
49321
42345
16307
53408
36199
64661
33312
4018
19953
44494
51126
23149
53264
35909
29648
44276
21485
27124
16702
6329
10636
18460
38263
44718
14431
56189
24765
62640
12972
17473
32045
64749
41068
14712
57244
57195
27919
6777
25234
40381
288
61375
43583
32203
33191
12560
65109
48705
42596
48506
39999
1153
61609
14413
44566
28099
18628
9836
36005
24723
26715
16885
54531
19136
24029
13079
44164
7398
13480
41130
43465
20499
9888
43947
10800
21231
49307
21320
48613
43574
30910
40289
52074
1426
62835
14021
55317
61391
33749
31634
44627
26383
61449
59299
35056
43920
15765
12316
28575
44559
57591
51632
48423
42589
27617
57449
16126
62308
46337
40878
2254
58751
36018
14277
64730
44833
57744
15219
48619
31557
62070
62675
12636
41635
9427
33979
37484
53033
30899
64864
28840
51862
41362
7092
4633
52341
21276
62637
3383
57652
50379
55591
279
1586
19751
12490
20720
1059
3173
16043
45915
39402
59630
21392
47447
7047
48590
36078
64969
50650
62504
62729
23101
9381
40230
68
7720
45831
59952
65313
13339
59758
949
59262
41969
3056
7169
31516
32294
52148
21619
14322
54665
43573
4746
64595
52343
58779
3930
52960
44782
24626
58376
52928
27217
58490
48495
64974
6832
51773
37750
13291
63128
8107
37541
55335
51069
31999
3872
4554
65028
7338
53672
39487
52151
54107
55230
54660
37432
64111
6178
29836
13743
45716
23874
28827
65138
23861
51494
18467
16684
54493
52875
1674
60133
27810
209
53850
30416
23055
10615
44594
54294
16494
4761
181
321
27239
16750
16002
45246
51509
55160
58658
63402
29602
37064
13311
63970
21360
32151
31487
25778
56511
62820
1451
30132
30312
24388
35089
5772
34711
40622
19231
17825
9373
45598
5568
63702
58324
29721
41911
31970
32924
21135
49245
42647
3345
55037
42514
2298
49274
64612
64822
48421
13639
42859
21267
64478
19187
17915
52763
27156
4149
59189
50350
20188
22167
22767
10925
25548
55614
64964
2159
63836
59832
30811
22042
41712
23992
43950
51411
36348
27852
4449
9368
8426
39501
37062
65342
46627
57480
26744
8235
77
48085
63068
4598
65351
17295
40419
19982
55263
51449
7148
28529
2931
100
27476
49537
17738
24952
19348
10862
33921
17068
40643
21217
58211
44297
50116
40304
26463
40893
31174
9831
24758
61331
61562
34207
15218
45156
826
31586
55017
36679
14816
4071
17238
7216
29005
65269
13779
51004
37363
59142
17630
35937
60442
1537
20998
9663
18466
56543
19939
172
52695
61331
13242
21629
28715
46509
63420
53152
39995
47023
49060
7773
61127
41335
10622
6428
28393
61352
47800
10745
9859
5920
41235
18044
24600
1791
15571
1372
3103
55165
30141
20126
48479
25168
60831
32819
27830
5729
31486
15969
12608
50599
6976
19571
23241
22935
56033
61807
29425
9593
19267
41707
18268
8411
31245
13003
13234
16703
32566
55188
28835
58612
54294
51302
45679
28601
51881
39629
20505
53001
36051
18825
42504
7796
23432
28881
1273
53648
65503
16105
22470
20188
466
11974
56972
7166
2700
19832
46128
51071
11603
62628
31066
52723
8315
10832
44698
58609
44335
29350
26049
50358
35717
23458
6876
1330
37868
22213
11360
6828
38222
41437
22488
30496
51073
18214
45541
32985
49800
42264
51006
31630
26347
42399
21171
23805
1961
9391
29298
58137
44263
44134
51335
62414
50431
11662
5673
1524
17464
44072
30205
20468
21069
47622
54996
16033
30718
43342
8068
16014
49774
56164
12798
25881
64468
37306
10173
61980
41838
226
45842
4649
53385
27152
23948
55923
16381
15505
17406
26399
4513
7708
17648
14885
44593
10582
33721
61150
28888
42886
5600
43387
49103
10386
57086
55438
56479
35745
51469
41895
30152
42424
44563
25755
49416
31057
8686
42327
38765
4162
61394
45619
11489
53572
30368
14165
46225
58333
57536
31194
43556
50870
31001
26072
58646
15610
65378
42249
28564
10605
288
37476
50684
3771
17704
7788
47447
16003
61008
44465
58639
12744
55963
49810
23677
8765
7161
50495
64063
63876
17207
10074
13809
30109
16326
49494
65474
9828
48954
46387
32718
45894
484
9076
19270
35335
58709
55170
56226
54208
9229
6904
18738
42792
31377
55366
61012
20713
24797
45564
62526
50470
15157
31851
18519
11720
22683
38648
10392
62820
34114
40535
59042
7396
26307
64569
1904
55193
57411
60261
40106
11057
1024
34120
30421
970
8165
50316
8520
52311
42051
1551
11073
52826
25183
59813
63335
6656
47533
64965
19451
37058
23951
19621
28755
14064
45120
1941
34492
45655
44425
2973
17504
3371
23024
19238
13534
18104
47489
32199
57258
44465
46585
51867
29728
55680
62527
31659
61631
28518
22831
822
57061
54882
7466
16844
51355
64096
8189
41192
52078
52330
59302
38962
7675
414
29984
192
8523
49353
7893
54385
35354
1315
16356
6772
63033
53975
50971
3371
42796
41943
45347
16692
35137
21942
62733
43271
49862
20261
47537
3466
64178
41709
48841
19787
59341
2346
51167
42065
34593
8522
874
54845
10778
23638
49892
55763
36482
15711
40930
17780
27426
16189
62516
57218
64525
47019
37287
45269
13746
34036
54565
30320
16782
56152
3611
16371
45658
33295
31996
5411
37735
36533
37296
61730
26970
51301
55686
32915
24443
13973
41449
19836
60979
25855
63247
6499
37165
32691
62852
15445
56301
45275
1828
31432
38243
57566
15626
2277
58626
57081
12059
50026
40779
24467
43684
50540
1125
5217
55465
47213
15866
62757
41925
52415
35817
9904
7692
38322
43416
31295
4657
37776
5839
50651
51878
42641
54038
53598
29585
49561
32817
59865
62399
45196
50202
54151
51250
22562
49198
35041
49898
23127
23082
9635
23605
60137
15372
4149
3499
26000
63376
62118
16930
61562
8092
26205
35294
46542
21616
10436
55049
46492
31390
14237
55362
10683
15935
1788
18225
53285
10813
65438
7407
38748
61976
59113
27259
59165
55390
15060
23854
35572
6434
23100
30154
51778
22286
26993
25594
20139
7943
16673
21319
46699
2539
50003
24187
10980
46804
13049
55319
16615
59231
37201
62019
44752
5858
21106
21715
65363
5352
18559
64061
4157
4591
33705
43071
57041
36497
43776
2255
2503
57126
32196
30573
56734
32317
30926
34318
37911
14250
46526
6741
55476
17763
17315
30374
14664
38613
16506
45760
32419
30629
58795
11908
25848
64203
1585
2531
53949
15129
58685
34845
42243
47525
65133
38307
57803
57070
28334
61296
34860
14907
15857
64997
61484
57857
52003
14617
32419
16505
58659
28029
15773
50611
41891
55659
3579
187
33238
40683
28323
58369
40775
13580
52604
22384
30734
40295
52823
48594
63905
53463
25981
1186
9863
23260
2057
41685
30456
38056
44116
6878
26988
14402
294
28359
21842
19913
51541
38589
36084
55234
13395
23315
39671
6148
46305
57962
9867
46646
16171
3456
25957
62145
7911
44097
6551
7333
10605
37998
49715
62877
49565
32438
51013
22155
41047
58692
43700
12552
49924
55366
54308
9680
33619
30519
63429
65376
6435
22692
43611
60365
7778
25923
35373
54645
34899
40038
58118
18715
44492
48217
22107
59147
51994
50356
24964
38478
40568
5044
50040
38657
15583
60278
18807
46401
52798
32269
14337
13064
60794
16747
29753
20410
64326
17320
15163
49387
54185
58376
16731
9106
61880
52748
43313
23818
15988
47015
21324
17528
33432
43355
49675
24194
64552
58542
57951
30090
45072
50868
34311
41366
30358
5060
39189
48800
8336
40473
46443
35835
48671
58624
34011
32228
39234
1266
27711
52265
34479
55756
4184
54544
15601
44537
29321
58332
11723
23450
4107
65176
47904
27505
48814
17497
54603
43166
3156
22572
22255
4665
20911
57396
30538
21676
3627
44216
8061
13570
17822
24635
61180
213
774
52671
39957
15637
21152
13142
14023
55334
28123
766
60827
52397
19381
64292
51765
24446
50931
8027
34507
39800
23271
4001
54549
49623
47752
24927
25233
51207
63295
61121
6582
57564
56966
10540
36430
46951
6659
18865
4173
23413
35250
27036
20850
8178
42363
27253
57945
64225
25266
38999
16586
43508
32138
37778
65231
22327
4805
3783
274
7631
20471
27247
40455
13153
57261
2102
61920
20838
50197
16073
10129
28041
927
58079
44117
62363
19648
17173
51299
9759
2507
62242
15208
36688
10891
45109
13788
201
55338
25476
47076
55480
57792
65113
20540
32676
54853
20788
35470
22655
33943
55215
9014
21378
29218
9883
6525
46533
24684
3826
1405
25856
41786
39856
49320
43520
65051
35253
53147
18150
43979
472
44252
27242
22834
12120
46649
43527
54877
26564
59345
28453
5424
51715
42278
45801
35123
30751
13329
50788
28419
59673
46197
33441
27788
56326
61788
3422
3009
50973
28585
6341
61676
4495
62724
33106
43233
50550
13330
56621
47526
5553
41678
13622
7957
25606
6080
21737
10620
57435
1878
11568
19519
46331
29301
5268
39736
8685
1977
13782
3555
50561
64162
17249
24156
15764
6655
458
22373
39546
7457
15360
7764
14364
42682
27701
41282
36429
23650
21284
59168
2837
50511
40696
27959
19410
48457
23868
3019
55971
55553
62620
13402
15441
33653
13577
32432
27590
34786
48334
21679
32016
38474
43444
57220
33360
53100
285
3148
11206
33233
49832
496
34734
22681
41114
7184
57188
57612
20078
40330
19243
55012
51859
31028
17531
55129
26771
1912
25670
61174
49507
39966
61138
53192
22943
6690
39424
48221
64465
11231
1059
14642
14753
10644
11668
35750
9013
40197
1518
24086
53607
20642
19244
32447
9196
9678
28245
44153
57745
5964
19851
40631
576
16940
54363
54913
52691
2529
8558
2998
3511
40895
25624
65077
60054
53598
30442
23831
61446
37373
61930
46887
14283
16774
35845
59554
10421
65071
35087
18487
49404
57668
46180
39113
9289
18880
40705
51814
31446
43344
49870
58393
49612
2459
63756
10157
31120
15152
21163
41895
15440
7753
16433
30487
60703
47333
59444
9870
18352
59604
47327
40904
36736
26761
3521
61007
46643
42305
59616
37122
9004
39882
59042
37357
38031
51491
48494
38701
60805
35419
47023
24263
20527
12991
47683
34484
11127
14392
21523
11681
51672
54214
50017
25659
55218
59380
61241
13296
32906
54426
24534
48247
48289
25227
9234
21286
32260
21177
16119
5258
46424
43050
64792
27672
1594
25779
52329
47660
37389
12962
7835
9496
24661
21677
56765
20769
13054
10010
6300
33931
20533
61696
18442
57110
1901
20118
36226
24791
40159
32143
40843
13813
63736
40276
25058
38189
20687
47561
21585
39479
19143
15358
51067
63758
22205
22717
24096
39597
1360
55169
54113
60665
50740
6737
59010
49446
63061
31393
25579
61114
48189
11203
53402
20616
13378
61385
26281
63161
23014
5976
33151
56136
62308
56600
29361
64405
13844
29853
14902
4551
55662
28245
36993
39733
26144
16361
15406
63634
21487
46335
62424
11758
51278
33583
60086
18019
19019
57727
17365
29794
4276
24157
43916
18184
12030
3836
36388
40570
61682
19181
26044
52694
1951
6362
33117
22001
16564
62085
51820
61050
4843
55509
32210
41511
33576
47201
50032
43589
57646
25915
15017
14183
26229
50391
13641
40527
35157
46872
26881
2053
28604
20703
54160
31166
53716
40095
24833
54580
19368
55709
36316
27974
21167
54053
59196
3136
58285
44603
47192
61435
40700
52197
44479
34115
59183
5287
46070
49191
33334
40637
29603
55211
21218
17050
33239
23616
58644
45355
56135
33588
4588
14690
34720
50722
41863
32030
22595
8043
55594
15550
32615
21097
20005
17440
11223
38355
20488
21690
5488
44969
21940
18625
37297
28974
8576
6612
27029
45871
3702
52638
16632
33691
23515
31072
9014
43239
8922
15886
43233
53980
55099
56169
7205
56030
55144
20820
40851
63015
39367
36956
49672
41895
48960
41233
38754
35686
6017
62965
4081
11154
62127
57412
24375
8277
64498
21644
56066
22840
65315
40287
17423
41689
31717
42613
27413
5630
11364
4469
63010
42131
60810
31237
15192
20001
29715
3730
41461
22048
15161
63185
61150
23624
53667
27292
53166
43847
2544
40805
24322
18364
41476
37324
19374
48516
48176
858
35302
52704
49974
15398
41679
5986
42645
56845
7631
2809
52354
38620
19888
37600
27470
24296
14257
58229
44934
59678
27405
63567
39795
51703
11878
28673
2051
50515
5419
17848
54369
19008
31657
58358
45189
47293
56467
4753
50457
2969
25778
27857
698
46643
24308
47978
38618
30189
31587
49490
26181
44944
21068
11457
52933
63883
8283
34731
32528
29592
65529
49878
16933
58048
49603
30293
47662
49
3844
2994
36081
4119
1363
22391
42617
52943
31509
61047
2450
14556
15665
16321
58539
32283
55790
31195
39004
42863
22271
41863
3572
34059
54308
4947
27753
18655
38651
30632
23501
52361
3720
23363
34221
30880
64167
26089
13845
49005
9551
3976
50690
1644
34131
60589
18756
1777
24943
65365
2313
18796
43449
6724
61842
21790
9692
1293
26377
49087
53001
7662
8130
46137
55768
13422
55502
58462
22623
7360
39866
63941
26763
45164
30598
61533
61475
53251
9331
30488
7813
5209
29320
45812
19894
48093
15118
59152
21147
33357
42711
1197
44738
25216
64993
44584
45624
28621
60993
34628
12331
2653
29815
31286
65462
41930
15576
24130
59740
10202
41869
39690
18000
59526
5226
17979
8526
50496
41132
19759
44882
278
4527
28806
6026
46493
27332
40447
15100
7877
56520
61568
17238
44100
33118
42589
18357
47733
50993
25247
80
46673
45540
38893
26589
23405
60970
30262
60483
38316
62673
11171
47963
48590
20941
979
53730
49929
8616
44367
15533
55482
17206
38492
37276
25576
1547
61234
19271
22931
45119
20952
53329
26272
39442
23764
24003
61069
32488
22770
13109
11659
23846
49772
36711
888
2191
12565
34177
6931
8955
15079
25523
31105
60792
35211
9263
5889
19936
39108
27584
59243
9627
41619
45455
37483
3432
6231
52488
50660
39296
20318
48091
12844
5557
5161
2225
64792
31567
13719
57010
42655
47927
49093
58811
41254
48894
26234
50047
5201
4963
63708
54345
43554
22186
48822
23985
57905
39557
3004
26288
33322
63431
9967
37080
18486
31665
56644
606
54735
33829
29719
97
31427
29998
11104
42366
40938
53144
11346
795
59818
28127
2308
27844
3676
44425
5739
47636
20238
39208
58409
62175
15976
18826
43471
38122
50365
30875
24620
42952
48937
45521
11638
14725
11208
40921
14314
1392
4253
64818
1436
52342
21102
19205
43606
22840
7948
14675
51294
64013
25873
19636
22617
45142
61429
16262
37462
16062
44837
52294
861
53368
59047
14203
20392
23114
8763
44800
29979
54031
14990
54997
47539
13170
32623
52866
24534
22502
57649
32703
16512
20046
21758
2134
15030
1840
8788
47988
50386
16769
44498
31602
8475
58304
2185
45860
17133
994
35452
52556
58695
57850
56132
54363
65492
36717
22829
55352
51109
49669
29577
60226
43505
22109
31855
32866
40292
27634
46321
7118
60800
3425
8438
41735
38149
51549
60816
27994
2867
14767
45108
57394
11158
42441
63137
5643
17733
15142
4688
4409
11050
13766
33968
55314
14045
55564
6395
44413
12874
62576
55404
36762
16681
64039
47864
58444
61859
7157
19524
39468
52634
51523
61560
64693
51955
24306
37725
6202
64213
34102
37255
23789
7795
62108
19851
13939
51245
20847
62348
9221
14182
39253
2918
36074
24746
39286
41200
25258
47719
38927
48746
18877
14053
5342
26991
4102
15814
31400
47217
19674
58423
6524
26347
22830
59749
49802
11975
32862
13451
32738
49104
44068
13887
11774
40608
11105
17461
42864
27963
4095
64121
58655
11000
3785
33877
24317
34881
7450
46600
5853
31123
41208
49744
51684
64162
62553
14780
65496
63242
9416
12026
53151
58851
5108
64969
37564
24886
57835
62113
29299
33189
36346
49055
54531
5239
17831
63208
22826
29250
14354
22344
35672
58208
26314
35877
42565
44607
34353
7787
165
4696
62559
50924
49699
26489
39302
27487
17172
21944
56191
42889
53240
44832
18173
55508
40469
13461
16101
61799
55183
17491
6736
22982
17677
7277
44436
19071
60778
6549
62421
24853
26942
59880
48244
5492
53110
7967
26670
19385
21116
37643
38053
43378
