44814
21807
11717
35070
31137
30415
7940
48422
27098
45313
60596
36536
39353
774
32034
4199
37946
30078
18118
35307
41565
56792
11469
60288
28423
21865
2463
57065
20971
56239
37863
6676
11677
53607
49555
62283
55259
39950
51870
17780
29206
55564
18340
40023
15950
56053
56657
22389
879
3201
60771
39696
31243
46786
51826
37193
13787
33889
60849
466
12513
42087
53156
48518
56845
53322
37029
49040
55433
2033
48818
63940
47605
14688
12892
14215
57540
50749
38758
17795
16306
57777
53456
10257
58170
16920
15577
16593
46881
48611
48881
45672
48559
40088
57012
28977
7192
12455
51679
23851
47472
21687
27417
2986
57036
34648
35995
8111
20382
12481
43137
60728
14359
13448
11852
54834
27828
4806
46148
23757
61629
47868
22352
51718
1677
45260
64738
30220
46066
9039
52317
57717
37435
3571
43223
13010
41810
13055
63444
10576
48132
59343
35384
9779
20005
30889
56069
53663
9839
64219
1186
62151
41796
63946
24954
23835
7417
52893
29211
15471
46423
55286
100
65528
34011
2705
10074
56717
62920
31415
47042
39529
9826
57089
43169
57453
61663
50396
31730
50906
15108
61477
4965
34568
24342
25646
9060
34623
50095
3405
20670
15101
40203
2268
63219
61487
18941
56378
54925
43698
60844
21681
57947
60763
31710
47055
44488
52504
49344
61748
65411
64312
11270
36758
62969
40379
28883
19391
39760
50279
54632
55195
65398
60224
43194
35766
39718
26060
22962
53857
49062
7867
25218
61670
53386
8274
1123
21112
64734
58881
60871
48101
39516
62926
41638
27607
31740
30773
52082
11533
36746
24319
22550
47600
47354
49915
23715
34487
42205
47493
26713
36562
20473
11136
46045
10611
14073
5314
23943
44327
24127
47990
61268
4360
21994
63751
30564
63899
25757
26887
40052
63310
18289
55693
42828
1873
55264
22023
36190
47543
11298
56796
20617
61354
3875
35028
4170
26296
59179
36912
54157
38647
20662
41241
9338
52588
48382
25808
63997
46790
44943
13234
12302
54591
48242
58768
18811
9185
48649
63488
20642
50523
5631
43730
10288
17849
46422
22256
57746
4857
62858
41602
21100
51659
18677
949
59315
39784
5997
23692
12494
4056
26505
40125
13227
18069
52631
36664
21533
13149
329
26083
8128
52863
35777
31207
53264
51871
19009
41325
58391
33305
16009
31728
51563
47773
42435
37245
32714
56007
23244
40225
19036
56729
46901
7954
33846
43935
44091
2078
36025
36441
34816
47351
18292
64056
16574
32343
26600
25040
7062
55873
5555
34142
19021
21939
65149
20036
25504
57903
42054
21924
10929
64753
43945
54176
21515
20330
2767
25786
54124
58942
18196
10746
15853
15985
35903
63756
17083
26291
43310
60019
56319
43226
58253
20550
41474
22723
47233
19509
12735
65123
48133
39954
39307
65043
16971
38049
50405
13882
43536
24567
9256
46626
5029
37895
40172
14374
60273
44966
24164
41034
56241
28192
44026
1961
45643
46071
9734
5920
5736
16708
64539
19170
50498
56140
22595
40397
28027
21780
57592
32703
10128
14801
20384
57594
64771
11653
49498
14396
54900
2233
17296
31055
27379
7098
10868
37572
25378
43152
18834
40594
62535
41300
9539
21147
47797
10078
18547
16894
56631
7515
35214
30417
23326
54279
12077
44589
39119
7621
49208
4751
23547
56320
33442
20351
56362
5482
20042
35883
28904
7660
44691
12707
47608
49927
52494
40395
3919
49736
48237
52360
64372
55084
1622
7853
29168
48056
50616
19439
35303
36481
63041
16683
14137
13692
14997
30825
62598
41600
947
56803
10276
33518
15813
61530
547
54340
3201
4369
38383
28405
28645
39110
53741
8272
39425
58009
12465
43078
12481
38307
2155
33021
55255
32625
9177
13248
15566
23770
56477
57287
56180
49912
18260
56875
56527
9572
59525
4499
43995
8619
48397
50379
38995
63478
2336
42964
43614
31007
32500
14135
29655
2976
34972
24286
21979
57768
27404
47313
32839
52729
18736
33344
60741
46339
17465
36410
43329
48787
56785
21023
48829
4973
39105
21617
61460
64911
33457
48565
667
1716
32429
7809
6039
19026
32854
54916
38427
7513
28682
16107
48685
26459
39202
42746
32249
57280
26139
55357
56189
27474
6844
49328
18240
15186
36710
45960
32429
1380
1154
33095
38880
42105
47095
44186
19854
35987
65387
38163
60802
49504
36164
53872
32692
37675
430
25104
55338
53901
45858
41498
8385
17095
55005
26370
10692
60094
52192
13060
26479
42062
18819
26824
41900
36693
26113
12809
58677
47538
13832
50465
28827
21134
36468
32095
15050
14352
25556
37413
29846
15304
48873
26961
8925
35296
41659
29956
41702
20377
55945
43653
50119
45039
44754
25624
2507
41850
38886
37770
7198
31946
18696
55328
28118
12516
29217
28160
22964
39173
46018
51537
45204
3460
3702
42404
46489
44861
14143
2184
43120
5753
34003
54352
55673
63950
48545
34690
42561
32783
12993
64140
48621
48576
61324
21500
30006
44704
35421
12783
24776
41414
43496
34911
57659
9304
37179
46284
36260
12098
33547
29134
10065
30700
33918
33502
57092
41516
48846
48008
32265
7031
27516
30099
95
40045
6399
33154
3502
18225
17158
63649
41379
35674
38618
17405
36402
65371
18781
12893
14357
16713
38482
53535
248
63988
38705
50788
18966
39093
19465
57599
5851
463
13452
61360
51259
49364
54199
61803
667
9471
39789
50322
45752
37390
57905
18180
710
41318
9245
42243
815
4875
4754
27591
9110
28893
59020
16039
26588
4129
17195
19915
38078
10517
63695
6788
36252
18642
10074
60018
2142
43854
18828
13874
12125
48752
50074
51213
22865
26495
49158
55182
48186
48582
65432
52069
45596
38834
31026
24046
59854
60271
26273
14293
36385
65237
36143
56480
43080
64591
21290
13123
57524
214
40722
58444
42019
46596
44730
18515
43463
19630
25040
58423
32420
52814
12899
54260
54788
63347
32038
37162
42610
24974
13679
39003
17857
20379
23762
63156
2827
42911
20829
32095
39631
43614
44513
53647
60000
36060
47728
46612
20232
6870
58126
55859
62552
64701
35696
40823
5265
30482
37962
36298
37153
34520
9475
24395
8523
20943
53074
38297
62910
57165
5481
41904
15419
43003
62268
59361
6754
62477
29278
54565
51709
3335
36758
37733
63430
8300
51535
29293
36635
41662
8051
23650
32230
47594
63212
22454
61057
56967
38860
42694
63324
32453
1874
63290
31167
41684
57738
11235
7867
15331
51771
35387
41419
49163
